.Random.seed <-
c(403L, 10L, 277264719L, -52316586L, 347999488L, -1491920829L, 
-359236639L, -1961794736L, -828893778L, -1309672615L, 107393387L, 
-1620887334L, 1383330204L, -1230070369L, 992301045L, 2013445772L, 
196533090L, -1848954051L, 2094236599L, 1753860190L, -759929448L, 
1071141115L, 1347734681L, -371110616L, 2024471510L, 1485701201L, 
353235715L, -378600814L, -957321180L, -756900121L, 1459532605L, 
-49165388L, -1495713766L, -867153051L, -1939089921L, 834427014L, 
-474938352L, 548304563L, -1003641519L, 285654272L, 1531922398L, 
781698089L, 788718555L, 1396373738L, -965290356L, 1718159823L, 
508427653L, 354739772L, -1848317166L, -1448605683L, -888046777L, 
746336558L, -297535352L, 763272587L, 391472489L, 1388906296L, 
-1690924570L, -1457246847L, 1664844051L, -1460101438L, 76388724L, 
718717303L, 1267094125L, -1472766716L, -1580484566L, -198306411L, 
1294219823L, 1945405238L, 91486048L, -387146333L, -982116671L, 
964193968L, -104871474L, -593584839L, 610816331L, -976178438L, 
-270031876L, 289653823L, -519160555L, -315414996L, 886999810L, 
-1655203875L, 1626555095L, 844193214L, 1207851000L, 2062111707L, 
878112313L, 2077423496L, -343734474L, 1365947761L, 1471262627L, 
-886270222L, 786980420L, 626458887L, 1565472989L, -940855852L, 
1213604090L, 1610496069L, 1415299231L, 364472870L, 1964367536L, 
140018515L, 1695706737L, 351884192L, 1079276350L, -1321739703L, 
-470421765L, 750350026L, 987885612L, 404129839L, 676608229L, 
1489097116L, 2062121970L, -369850771L, -383642713L, -152957490L, 
-1068283096L, 176013611L, -775816375L, -1039400872L, 1056945414L, 
100835553L, -694642573L, 2107208930L, -770915244L, -996972201L, 
1130727757L, -2063160092L, 1722519754L, -1538654923L, 120492943L, 
2028931222L, 1100453952L, -1313111805L, 1361538337L, -886718960L, 
1497861614L, -1294499431L, 1852657195L, 1195464474L, -1590579748L, 
142709727L, -250211403L, -1595708084L, -432927838L, -2050694403L, 
-66569L, 142370078L, -846215208L, 1868716347L, -282431783L, 1300021864L, 
-1815862378L, 224986897L, 1846075587L, 868073682L, -1524947612L, 
-1602987865L, 415559165L, -290189324L, 1702852826L, 1725102629L, 
-1283631297L, 1441354950L, 788187472L, -1129727629L, 2141471633L, 
2049856960L, 1288359838L, 601518441L, 1119289755L, 987739306L, 
389214924L, 1401027471L, -1090142267L, 1168335740L, -1422074926L, 
-1107338419L, 384543239L, -373655058L, -311880504L, 1802812363L, 
489696809L, 1042867320L, 999858598L, 1527989185L, 534573139L, 
92616450L, 41583156L, -1391429705L, -54302803L, -392719164L, 
-282846998L, 480886613L, -1604136721L, -642246922L, -932724192L, 
-1884174365L, 96840833L, -1671238928L, 1868947854L, 800132857L, 
1979956363L, 2116003002L, 503693244L, -1057309441L, 876417109L, 
-635583636L, -1605485630L, 1128885277L, -1568945001L, -1459066370L, 
-340072008L, 630416795L, -89764871L, -1362013368L, -1220133258L, 
2064971697L, 90573283L, 1125949106L, 923128580L, -466808761L, 
-623200483L, 835734932L, 138064186L, 825167237L, 931825247L, 
-1109430042L, 220148592L, 783203522L, 906533984L, 802055548L, 
1222008784L, -1520692958L, 90158760L, -1791912052L, 1822270652L, 
95730482L, 1115309632L, 1785906356L, 1920250952L, 1465333178L, 
-2093286896L, 443047148L, 1801535828L, 859583250L, -1374900832L, 
-1623999796L, -1112933792L, 1354813378L, 249869096L, 1411643820L, 
-522740420L, 772529010L, 202026288L, -1953929436L, 214451512L, 
906069722L, 2081988496L, -1845912836L, 1695996820L, -905219006L, 
-1914571520L, -145848260L, -280249008L, -494410590L, -710071480L, 
1887198988L, -1084162340L, 1473425234L, -1794410880L, -506644396L, 
-199851032L, 1765583610L, -1298148016L, -957284564L, 25813876L, 
-1736629358L, -1838255520L, -1933109364L, -403916960L, 830718946L, 
-316482648L, -2015638324L, 193010172L, 1030387634L, 1446610416L, 
44737988L, -605095592L, 625216890L, 1588510128L, -384441412L, 
1835880532L, 4222914L, -1923162080L, 1599500476L, 1848367696L, 
-2060146718L, -369525144L, -102576564L, 250917116L, 1499789298L, 
847897856L, -2002836620L, -221863928L, -1924795974L, 1794989520L, 
1014658028L, 32656276L, 638147538L, -1983273120L, 212894028L, 
-966987488L, 1344343938L, -823458072L, -838543124L, -597404100L, 
961573746L, 230774384L, 254108708L, -1947128008L, 1317542042L, 
1304194768L, 1484475580L, -1445737836L, 862249602L, -1999171392L, 
1037796668L, -232695664L, 1783485986L, -1448857080L, 92749068L, 
459227804L, -840501742L, -2084169344L, 1078139412L, -1517527512L, 
924442938L, -561009712L, 342117996L, 1486275380L, -393813358L, 
224617824L, -2138907316L, -240520224L, -830320734L, 1968603048L, 
586901388L, -1642231108L, -69647502L, -733107984L, -1394879420L, 
327382360L, 1950150714L, 189158256L, 110249020L, 1851214612L, 
1792251330L, -757379872L, 1433509756L, 427747024L, 1038760610L, 
927904808L, 621175052L, 1835735996L, 16969010L, -1802565696L, 
-1147763148L, -1870015544L, -69899078L, 1927569296L, -2126855700L, 
1649517652L, -544859502L, -1797829856L, -59315764L, -1348598816L, 
-869511486L, -271555032L, -2867540L, -469963076L, 838144498L, 
-1635790544L, -726951772L, 2023119544L, 2114029402L, 177954192L, 
1196486012L, -1618999020L, -1294510782L, -1256148224L, 111297468L, 
2101359440L, 1760808226L, -785794744L, 1990077452L, -1815583652L, 
672744658L, -1349766144L, 1640216404L, -1881392664L, -235076614L, 
-2041109808L, -1921028820L, 1869972724L, 275399570L, 147543136L, 
-1361540852L, -1434565920L, 2092633442L, -140425560L, 1825381964L, 
-934780036L, 1283387186L, -817788304L, 1186775364L, 330856408L, 
-376073094L, 1162152496L, -1172392260L, -326305964L, -399456702L, 
1799313312L, -1418320708L, 1914626512L, 907014498L, 1491005416L, 
64869324L, -352966916L, 2035893234L, -1924682624L, 719882484L, 
2096750728L, 100958522L, 1996385104L, -1775779732L, -367674220L, 
-21510830L, 94833376L, -1151595316L, -1801751392L, -935791230L, 
547103976L, -1027111700L, -873826244L, 534539378L, -1712808848L, 
260469284L, 1821574712L, -964648422L, -1260139312L, 1186836028L, 
-1242916716L, 428590210L, 1318257600L, 1474373948L, -390404415L, 
2063161715L, -1620503916L, 515999522L, 2086380087L, 375285505L, 
1845124614L, 479896644L, -1927522955L, 581679327L, -2083550152L, 
1171467286L, -502248413L, -1856390171L, -961892862L, 31736944L, 
-119573991L, -1174381557L, 779435772L, -1981155542L, -1400301217L, 
1127641321L, -2074884098L, -1551676436L, -1481900227L, 1997562631L, 
765934320L, 1971888782L, -1552220997L, 1490753693L, 764077130L, 
958398056L, 54456913L, -562548413L, 1796909124L, -1605080334L, 
698069703L, -1534881647L, -725901802L, -959816588L, -195766523L, 
-133860017L, 1996228424L, -1807872282L, -326848493L, -288602251L, 
545564498L, 385752992L, 515222153L, -70267205L, 473562380L, -1328545638L, 
-2139458033L, -1504320935L, 1753800430L, 438631804L, -695157267L, 
1088199319L, -1931774624L, -847580866L, -586065397L, 973758093L, 
1791771578L, 1165122040L, -1488149087L, -1815037101L, -2008427916L, 
676852738L, 1914787479L, -2104180639L, 930798758L, 1471196324L, 
-851481259L, 2108704255L, 1858489496L, -1898022474L, 1761493571L, 
525707141L, -500628446L, 1431930640L, -1401384263L, -1260353685L, 
-1524496804L, -25212022L, -1226267777L, -153563447L, 1036879710L, 
-645489652L, -1521968163L, 918839015L, -1692180720L, -1235374546L, 
-246950693L, 1712142781L, -728533206L, -554168376L, -2046630671L, 
-1572038045L, -337084828L, -1292270190L, -1096715673L, -521213391L, 
-1968404618L, 392178836L, 1636287141L, -429469777L, -1148105624L, 
-936894394L, -1954314765L, -2115972779L, -1653726414L, 228243200L, 
1084089321L, 1930198619L, 656384172L, -150411590L, 1172788335L, 
1271009785L, -281762674L, -429257380L, 867163597L, -863297225L, 
1117120L, 1211442334L, -371668629L, 1991422189L, -1344485030L, 
424415768L, -290664575L, -2007622349L, -1906568364L, 27198818L, 
-305670665L, 790412865L, -1834190138L, 1801686020L, -1001944139L, 
-1610570593L, 1731105016L, -58808106L, 743555427L, 307711269L, 
37509826L, 601118640L, 2130987993L, -672602805L, 557532092L, 
-402732054L, 848710687L, -520795479L, 1448394302L, -735251668L, 
